
[aimpos]
x=-1.9199999570847
y=-2
z=2
[aimang]
p=0
y=0
r=0
[runpos]
x=2.8299999237061
y=2.5299999713898
z=-20
[runang]
p=-70
y=4.3400001525879
r=0
[data]
nozoom=1
crosshair=1
nolag=1
