
[aimpos]
x=-8.9799995422363
y=-10
z=4.2699999809265
[aimang]
p=0.029999999329448
y=0.0099999997764826
r=0
[runpos]
x=-5.0900001525879
y=0.63999998569489
z=4.1100001335144
[runang]
p=13.770000457764
y=-28.110000610352
r=2.0799999237061
[data]
nozoom=1
