
[aimpos]
x=-7.0599999427795
y=-9.0200004577637
z=2.9800000190735
[aimang]
p=-0.38999998569489
y=-0.23000000417233
r=0
[runpos]
x=1.25
y=-7.8899998664856
z=-4.9400000572205
[runang]
p=19.430000305176
y=-4.7199997901917
r=-50
[data]
nozoom=1
