
[aimpos]
x=-6
y=-0.10999999940395
z=3.9200000762939
[aimang]
p=-0.70999997854233
y=-1.3999999761581
r=1.210000038147
[runpos]
x=-3.6600000858307
y=2.2999999523163
z=-25
[runang]
p=-70
y=-2.4500000476837
r=0
