
[aimpos]
x=-5.8200001716614
y=-3.9400000572205
z=2.2200000286102
[aimang]
p=0
y=0
r=0
[runpos]
x=-5.0900001525879
y=0.63999998569489
z=2.2999999523163
[runang]
p=13.770000457764
y=-28.110000610352
r=2.0799999237061
[data]
nozoom=1
