
[aimpos]

x=-5.7399997711182

y=2

z=2.5999999046326


[aimang]

p=-0

y=-0.28000000119209

r=0


[runpos]

x=1.1699999570847

y=2.8299999237061

z=-20


[runang]

p=-70

y=0

r=1.7000000476837
