
[aimpos]
x=-7.0599999427795
y=-20
z=2.9800000190735
[aimang]
p=-0.38999998569489
y=-0.23000000417233
r=0
[runpos]
x=0.25999999046326
y=0.63999998569489
z=1.5499999523163
[runang]
p=13.39999961853
y=-0.86000001430511
r=2.0799999237061
[data]
nozoom=1
