
[aimpos]
x=-7.0599999427795
y=-9.0200004577637
z=2.9800000190735
[aimang]
p=-0.38999998569489
y=-0.23000000417233
r=0
[runpos]
x=-8.5699996948242
y=-5.0900001525879
z=8.9399995803833
[runang]
p=17.170000076294
y=-21.700000762939
r=0
[data]
nozoom=1
crosshair=1
nolag=1
