
[aimpos]
x=-6.4499998092651
y=5.0199999809265
z=2.5299999713898
[aimang]
p=0
y=0
r=0
[runpos]
x=-5.0900001525879
y=4.4899997711182
z=4.1900000572205
[runang]
p=22.829999923706
y=-28.110000610352
r=2.0799999237061
[data]
nozoom=1